Coeficientes espacados regularmente:
2: -2.0000 2.0000
3: -2.0000 0.0000 2.0000
4: -2.0000 -0.6667 0.6667 2.0000
5: -2.0000 -1.0000 0.0000 1.0000 2.0000
6: -2.0000 -1.2000 -0.4000 0.4000 1.2000 2.0000
7: -2.0000 -1.3333 -0.6667 0.0000 0.6667 1.3333 2.0000
8: -2.0000 -1.4286 -0.8571 -0.2857 0.2857 0.8571 1.4286 2.0000
9: -2.0000 -1.5000 -1.0000 -0.5000 0.0000 0.5000 1.0000 1.5000 2.0000
10: -2.0000 -1.5556 -1.1111 -0.6667 -0.2222 0.2222 0.6667 1.1111 1.5556 2.0000
Coeficientes de chebyshev:
2: 1.4142 -1.4142
3: 1.7321 0.0000 -1.7321
4: 1.8478 0.7654 -0.7654 -1.8478
5: 1.9021 1.1756 0.0000 -1.1756 -1.9021
6: 1.9319 1.4142 0.5176 -0.5176 -1.4142 -1.9319
7: 1.9499 1.5637 0.8678 0.0000 -0.8678 -1.5637 -1.9499
8: 1.9616 1.6629 1.1111 0.3902 -0.3902 -1.1111 -1.6629 -1.9616
9: 1.9696 1.7321 1.2856 0.6840 0.0000 -0.6840 -1.2856 -1.7321 -1.9696
10: 1.9754 1.7820 1.4142 0.9080 0.3129 -0.3129 -0.9080 -1.4142 -1.7820 -1.9754
Diff. Divididas de Newton:
Regulares: 0.0204082 0.0289892 0.0431719 0.0904942 0.280806 -0.681863 0.616348 -0.314035 0.0883224 1.00614e-16
Chebyshev: 0.0209094 -0.0241077 0.0269493 -0.0423831 0.136817 0.233876 0.163821 0.0703426 0.0187211 -8.0792e-17
Avalia funcao 1/(1+12x^2):
Com coeficientes regulares:
-2.0 0.020408 0.020408 0
-1.9 -0.274653 0.022563 0.297216
-1.8 -0.271275 0.025075 0.296351
-1.7 -0.150284 0.028027 0.178311
-1.6 -0.015979 0.031526 0.0475046
-1.5 0.081083 0.035714 0.0453687
-1.4 0.125942 0.040783 0.0851586
-1.3 0.125130 0.046992 0.0781379
-1.2 0.096064 0.054705 0.0413593
-1.1 0.059401 0.064433 0.00503157
-1.0 0.033906 0.076923 0.0430175
-0.9 0.033350 0.093284 0.0599341
-0.8 0.065065 0.115207 0.0501428
-0.7 0.129754 0.145349 0.0155947
-0.6 0.222235 0.187970 0.0342649
-0.5 0.332803 0.250000 0.0828026
-0.4 0.448958 0.342466 0.106492
-0.3 0.557254 0.480770 0.0764847
-0.2 0.645083 0.675676 0.030593
-0.1 0.702222 0.892858 0.190635
0.0 0.722035 1.000000 0.277965
0.1 0.702222 0.892857 0.190634
0.2 0.645083 0.675675 0.0305921
0.3 0.557254 0.480769 0.0764851
0.4 0.448957 0.342465 0.106492
0.5 0.332802 0.250000 0.0828023
0.6 0.222234 0.187970 0.0342645
0.7 0.129754 0.145349 0.0155949
0.8 0.065064 0.115207 0.0501429
0.9 0.033349 0.093284 0.0599341
1.0 0.033906 0.076923 0.0430173
1.1 0.059402 0.064433 0.0050313
1.2 0.096064 0.054705 0.0413595
1.3 0.125131 0.046992 0.0781381
1.4 0.125942 0.040783 0.0851586
1.5 0.081083 0.035714 0.0453683
1.6 -0.015979 0.031526 0.0475053
1.7 -0.150285 0.028027 0.178312
1.8 -0.271276 0.025075 0.296351
1.9 -0.274652 0.022563 0.297215
2.0 0.020411 0.020408 2.53249e-06
Com coeficientes chebyshev:
-2.0 0.029578 0.020408 0.00916954
-1.9 0.012431 0.022563 0.0101319
-1.8 0.022814 0.025075 0.00226171
-1.7 0.037368 0.028027 0.00934102
-1.6 0.045528 0.031526 0.0140019
-1.5 0.045124 0.035714 0.00941018
-1.4 0.038954 0.040783 0.0018295
-1.3 0.032171 0.046992 0.0148211
-1.2 0.030408 0.054705 0.0242964
-1.1 0.038486 0.064433 0.0259468
-1.0 0.059642 0.076923 0.017281
-0.9 0.095158 0.093284 0.00187444
-0.8 0.144317 0.115207 0.0291091
-0.7 0.204598 0.145349 0.0592487
-0.6 0.272048 0.187970 0.0840782
-0.5 0.341759 0.250000 0.0917591
-0.4 0.408393 0.342466 0.0659273
-0.3 0.466714 0.480770 0.0140558
-0.2 0.512075 0.675676 0.163601
-0.1 0.540840 0.892858 0.352018
0.0 0.550693 1.000000 0.449307
0.1 0.540840 0.892857 0.352017
0.2 0.512075 0.675675 0.1636
0.3 0.466714 0.480769 0.0140551
0.4 0.408393 0.342465 0.0659276
0.5 0.341759 0.250000 0.0917592
0.6 0.272048 0.187970 0.084078
0.7 0.204597 0.145349 0.0592485
0.8 0.144316 0.115207 0.0291089
0.9 0.095158 0.093284 0.00187428
1.0 0.059642 0.076923 0.0172811
1.1 0.038486 0.064433 0.0259468
1.2 0.030408 0.054705 0.0242964
1.3 0.032171 0.046992 0.014821
1.4 0.038954 0.040783 0.00182942
1.5 0.045124 0.035714 0.00941023
1.6 0.045528 0.031526 0.0140019
1.7 0.037368 0.028027 0.00934097
1.8 0.022813 0.025075 0.00226179
1.9 0.012431 0.022563 0.0101319
2.0 0.029578 0.020408 0.00916975
Avalia funcao da distribuicao normal:
Com coeficientes regulares:
-2.0 0.000268 0.000268 0
-1.9 -0.095498 0.000584 0.0960821
-1.8 -0.091875 0.001224 0.093099
-1.7 -0.051712 0.002464 0.0541765
-1.6 -0.009112 0.004768 0.0138798
-1.5 0.021524 0.008864 0.0126604
-1.4 0.038343 0.015831 0.0225126
-1.3 0.046545 0.027166 0.0193793
-1.2 0.054302 0.044789 0.00951272
-1.1 0.069891 0.070949 0.00105858
-1.0 0.099837 0.107982 0.00814503
-0.9 0.147882 0.157900 0.0100185
-0.8 0.214607 0.221842 0.00723438
-0.7 0.297564 0.299455 0.00189115
-0.6 0.391759 0.388372 0.00338706
-0.5 0.490386 0.483942 0.00644395
-0.4 0.585672 0.579383 0.00628827
-0.3 0.669767 0.666449 0.00331742
-0.2 0.735575 0.736540 0.000965426
-0.1 0.777471 0.782085 0.00461446
0.0 0.791850 0.797885 0.0060347
0.1 0.777471 0.782085 0.00461445
0.2 0.735575 0.736540 0.000965399
0.3 0.669766 0.666449 0.00331745
0.4 0.585671 0.579383 0.00628828
0.5 0.490385 0.483941 0.00644395
0.6 0.391759 0.388372 0.00338703
0.7 0.297563 0.299455 0.00189119
0.8 0.214607 0.221841 0.00723441
0.9 0.147882 0.157900 0.0100186
1.0 0.099837 0.107982 0.008145
1.1 0.069891 0.070949 0.00105853
1.2 0.054302 0.044789 0.00951279
1.3 0.046545 0.027166 0.0193794
1.4 0.038343 0.015831 0.0225126
1.5 0.021524 0.008864 0.0126603
1.6 -0.009112 0.004768 0.01388
1.7 -0.051712 0.002464 0.0541767
1.8 -0.091875 0.001224 0.0930992
1.9 -0.095498 0.000584 0.0960819
2.0 0.000268 0.000268 8.391e-07
Com coeficientes chebyshev:
-2.0 0.007935 0.000268 0.00766726
-1.9 -0.007718 0.000584 0.00830179
-1.8 -0.000585 0.001224 0.00180928
-1.7 0.009727 0.002464 0.00726302
-1.6 0.015293 0.004768 0.0105247
-1.5 0.015657 0.008864 0.00679323
-1.4 0.014573 0.015831 0.0012584
-1.3 0.017545 0.027166 0.00962114
-1.2 0.030074 0.044789 0.0147151
-1.1 0.056488 0.070949 0.0144617
-1.0 0.099262 0.107982 0.00872008
-0.9 0.158740 0.157900 0.000839882
-0.8 0.233161 0.221842 0.0113195
-0.7 0.318920 0.299455 0.0194652
-0.6 0.410993 0.388372 0.0226206
-0.5 0.503457 0.483942 0.0195155
-0.4 0.590059 0.579383 0.0106758
-0.3 0.664773 0.666449 0.00167647
-0.2 0.722315 0.736540 0.0142254
-0.1 0.758579 0.782085 0.0235067
0.0 0.770963 0.797885 0.0269212
0.1 0.758579 0.782085 0.0235067
0.2 0.722315 0.736540 0.0142253
0.3 0.664773 0.666449 0.00167639
0.4 0.590059 0.579383 0.0106759
0.5 0.503457 0.483941 0.0195156
0.6 0.410992 0.388372 0.0226206
0.7 0.318920 0.299455 0.0194652
0.8 0.233161 0.221841 0.0113194
0.9 0.158740 0.157900 0.000839813
1.0 0.099262 0.107982 0.00872013
1.1 0.056487 0.070949 0.0144617
1.2 0.030074 0.044789 0.0147151
1.3 0.017545 0.027166 0.0096211
1.4 0.014573 0.015831 0.00125835
1.5 0.015657 0.008864 0.00679326
1.6 0.015293 0.004768 0.0105247
1.7 0.009727 0.002464 0.00726297
1.8 -0.000586 0.001224 0.00180934
1.9 -0.007718 0.000584 0.00830179
2.0 0.007935 0.000268 0.00766744
